This is our final result, combined different p+p methods as well as the flow effect.
pt	y	ey
0.0158489	0.176372	0.176041
0.0160899	0.176652	0.176323
0.0163346	0.176924	0.176596
0.016583	0.177188	0.176861
0.0168351	0.177442	0.177116
0.0170911	0.177687	0.177362
0.017351	0.177923	0.177598
0.0176148	0.178147	0.177823
0.0178827	0.178361	0.178038
0.0181546	0.178564	0.178242
0.0184306	0.178755	0.178434
0.0187109	0.178935	0.178614
0.0189954	0.179102	0.178782
0.0192842	0.179256	0.178937
0.0195774	0.179397	0.179079
0.0198751	0.179524	0.179207
0.0201773	0.179637	0.17932
0.0204842	0.179735	0.17942
0.0207956	0.179819	0.179505
0.0211118	0.179887	0.179573
0.0214329	0.17994	0.179627
0.0217588	0.179976	0.179664
0.0220896	0.179997	0.179685
0.0224255	0.18	0.179689
0.0227665	0.179986	0.179675
0.0231127	0.179954	0.179644
0.0234641	0.179904	0.179595
0.0238209	0.179836	0.179527
0.0241831	0.179749	0.179441
0.0245508	0.179643	0.179336
0.0249241	0.179517	0.17921
0.0253031	0.179372	0.179066
0.0256879	0.179206	0.1789
0.0260785	0.17902	0.178715
0.026475	0.178814	0.178509
0.0268776	0.178586	0.178281
0.0272863	0.178337	0.178033
0.0277012	0.178066	0.177762
0.0281224	0.177773	0.17747
0.02855	0.177458	0.177155
0.0289841	0.177121	0.176818
0.0294248	0.176761	0.176458
0.0298723	0.176378	0.176075
0.0303265	0.175972	0.17567
0.0307876	0.175542	0.17524
0.0312558	0.175089	0.174788
0.031731	0.174612	0.174311
0.0322135	0.174112	0.173811
0.0327033	0.173587	0.173286
0.0332006	0.173038	0.172737
0.0337054	0.172465	0.172164
0.034218	0.171867	0.171567
0.0347383	0.171245	0.170944
0.0352665	0.170598	0.170298
0.0358027	0.169927	0.169627
0.0363471	0.169231	0.168931
0.0368998	0.168511	0.16821
0.0374609	0.167765	0.167464
0.0380305	0.166995	0.166694
0.0386088	0.1662	0.165899
0.0391958	0.165381	0.165079
0.0397918	0.164537	0.164235
0.0403969	0.163668	0.163366
0.0410112	0.162775	0.162472
0.0416348	0.161857	0.161554
0.0422678	0.160915	0.160612
0.0429105	0.15995	0.159646
0.043563	0.15896	0.158656
0.0442254	0.157946	0.157642
0.0448979	0.156909	0.156605
0.0455806	0.155849	0.155544
0.0462737	0.154766	0.15446
0.0469773	0.153659	0.153353
0.0476916	0.15253	0.152224
0.0484168	0.151379	0.151072
0.049153	0.150206	0.149898
0.0499004	0.149012	0.148703
0.0506592	0.147796	0.147486
0.0514295	0.146559	0.146249
0.0522115	0.145301	0.14499
0.0530054	0.144024	0.143712
0.0538114	0.142727	0.142414
0.0546296	0.14141	0.141096
0.0554603	0.140075	0.13976
0.0563036	0.138721	0.138406
0.0571597	0.13735	0.137033
0.0580289	0.135961	0.135643
0.0589112	0.134556	0.134237
0.059807	0.133134	0.132814
0.0607164	0.131696	0.131375
0.0616396	0.130244	0.129922
0.0625769	0.129364	0.12904
0.0635284	0.129174	0.128849
0.0644944	0.12898	0.128653
0.0654751	0.128779	0.128451
0.0664707	0.128574	0.128245
0.0674814	0.128363	0.128032
0.0685075	0.128146	0.127814
0.0695492	0.127925	0.12759
0.0706067	0.127696	0.12736
0.0716803	0.127462	0.127124
0.0727703	0.127221	0.126882
0.0738768	0.126975	0.126634
0.0750001	0.126722	0.126379
0.0761405	0.126464	0.126118
0.0772983	0.126198	0.12585
0.0784737	0.125925	0.125575
0.0796669	0.125646	0.125294
0.0808783	0.12536	0.125006
0.0821081	0.125068	0.124711
0.0833566	0.124768	0.124409
0.0846241	0.124461	0.124099
0.0859108	0.124146	0.123781
0.0872172	0.123824	0.123457
0.0885434	0.123495	0.123125
0.0898897	0.123157	0.122785
0.0912565	0.122813	0.122437
0.0926441	0.12246	0.122082
0.0940529	0.122099	0.121718
0.095483	0.121731	0.121346
0.0969349	0.121353	0.120965
0.0984088	0.120968	0.120577
0.0999052	0.120574	0.120179
0.101424	0.120171	0.119773
0.102967	0.119759	0.119357
0.104532	0.119338	0.118932
0.106122	0.118909	0.118498
0.107735	0.118469	0.118055
0.109373	0.118018	0.117604
0.111037	0.117557	0.117143
0.112725	0.117085	0.116672
0.114439	0.116604	0.11619
0.116179	0.116112	0.115698
0.117946	0.115609	0.115195
0.119739	0.115094	0.11468
0.12156	0.114569	0.114154
0.123408	0.114031	0.113616
0.125285	0.113481	0.113066
0.12719	0.112919	0.112504
0.129124	0.112344	0.111928
0.131087	0.111756	0.11134
0.13308	0.111155	0.110738
0.135104	0.11054	0.110122
0.137158	0.10991	0.109491
0.139244	0.109265	0.108845
0.141361	0.108606	0.108185
0.143511	0.107931	0.107509
0.145693	0.107239	0.106817
0.147908	0.106532	0.106108
0.150157	0.105808	0.105382
0.15244	0.105066	0.104639
0.154758	0.104307	0.103878
0.157112	0.10353	0.1031
0.1595	0.102735	0.102302
0.161926	0.10192	0.101486
0.164388	0.101087	0.100651
0.166888	0.100235	0.0997961
0.169425	0.0993635	0.0989218
0.172001	0.0984717	0.0980272
0.174617	0.0975602	0.0971129
0.177272	0.0966288	0.0961783
0.179967	0.0956768	0.095223
0.182704	0.0947049	0.0942476
0.185482	0.0937127	0.0932514
0.188302	0.0927005	0.0922352
0.191166	0.0916686	0.0911989
0.194072	0.0906175	0.0901432
0.197023	0.0895467	0.0890676
0.200019	0.0884574	0.0879731
0.203061	0.0873497	0.0868598
0.206148	0.0862242	0.0857282
0.209283	0.0850819	0.0845796
0.212465	0.0839235	0.0834145
0.215696	0.0827501	0.0822339
0.218976	0.0815624	0.0810385
0.222305	0.0803615	0.0798293
0.225686	0.0791489	0.0786081
0.229117	0.0779255	0.0773753
0.232601	0.0766933	0.0761331
0.236138	0.0754539	0.0748831
0.239729	0.0742081	0.0736259
0.243374	0.0729585	0.0723641
0.247075	0.0717072	0.0710999
0.250831	0.0704555	0.0698341
0.254645	0.0692055	0.0685691
0.258518	0.0679598	0.0673073
0.262448	0.0667207	0.0660508
0.266439	0.0654902	0.0648016
0.27049	0.0642711	0.0635622
0.274603	0.063066	0.0623351
0.278779	0.0618769	0.0611223
0.283018	0.0607071	0.0599266
0.287321	0.059559	0.0587505
0.29169	0.0584355	0.0575961
0.296126	0.0573395	0.0564664
0.300628	0.0562735	0.0553635
0.3052	0.0552408	0.0542898
0.30984	0.0542438	0.0532476
0.314552	0.0532861	0.0522395
0.319335	0.0523699	0.051267
0.32419	0.0514987	0.0503325
0.32912	0.050676	0.0494381
0.334124	0.0499043	0.0485848
0.339205	0.0491871	0.047774
0.344363	0.048528	0.0470065
0.349599	0.0479308	0.0462826
0.354915	0.0473999	0.0456017
0.360311	0.0469402	0.0449624
0.36579	0.0465582	0.0443617
0.371352	0.046262	0.0437943
0.376999	0.0460625	0.0432518
0.382731	0.045976	0.0427204
0.388551	0.0460265	0.042178
0.394459	0.0462515	0.0415886
0.400457	0.0471999	0.0413867
0.406546	0.0486722	0.0412072
0.412728	0.050499	0.0406877
0.419004	0.0527447	0.0397638
0.425375	0.0553904	0.0384543
0.431843	0.0583463	0.0368493
0.43841	0.0615089	0.0350521
0.445076	0.0649136	0.0332609
0.451843	0.0685263	0.0315525
0.458714	0.0721819	0.0298347
0.465689	0.0758557	0.0281318
0.47277	0.079531	0.0264604
0.479959	0.0831946	0.024833
0.487257	0.0868371	0.0232597
0.494666	0.0904496	0.0217474
0.502188	0.0940264	0.0203045
0.509824	0.0975598	0.0189358
0.517576	0.101045	0.0176479
0.525446	0.104475	0.0164468
0.533436	0.107843	0.015338
0.541547	0.111145	0.0143289
0.549781	0.114371	0.0134259
0.558141	0.117513	0.0126367
0.566628	0.120564	0.011969
0.575244	0.123073	0.0119485
0.583991	0.125582	0.011928
0.592871	0.128092	0.0119075
0.601886	0.130601	0.0118871
0.611038	0.13311	0.0118668
0.620329	0.135619	0.0118466
0.629761	0.138128	0.0118264
0.639337	0.140637	0.0118062
0.649059	0.142744	0.0122578
0.658928	0.14486	0.0127073
0.668947	0.146985	0.0131535
0.679119	0.149117	0.0135972
0.689446	0.151257	0.014038
0.699929	0.153402	0.0144749
0.710572	0.155553	0.0149105
0.721377	0.157709	0.0153436
0.732345	0.159869	0.0157757
0.743481	0.162034	0.0162082
0.754786	0.164204	0.0166427
0.766263	0.166378	0.017079
0.777915	0.168557	0.0175182
0.789743	0.170741	0.0179617
0.801752	0.172929	0.0184111
0.813943	0.175125	0.0188663
0.826319	0.177326	0.0193266
0.838884	0.179534	0.0197926
0.85164	0.181751	0.0202652
0.86459	0.183976	0.0207429
0.877736	0.186211	0.0212257
0.891083	0.188455	0.0217125
0.904632	0.190711	0.0222027
0.918388	0.192978	0.0226951
0.932352	0.195257	0.0231885
0.946529	0.19755	0.0236828
0.960922	0.199855	0.0241757
0.975533	0.202176	0.0246675
0.990367	0.204511	0.0251555
1.00543	0.20686	0.0256398
1.02071	0.209225	0.0261197
1.03623	0.211607	0.0265936
1.05199	0.214004	0.0270596
1.06799	0.216418	0.0275178
1.08423	0.21885	0.0279675
1.10071	0.2213	0.0284079
1.11745	0.223766	0.0288374
1.13444	0.226252	0.0292556
1.15169	0.228756	0.0296624
1.1692	0.23128	0.030056
1.18698	0.233823	0.0304364
1.20503	0.236386	0.0308034
1.22335	0.238969	0.0311566
1.24196	0.241573	0.0314948
1.26084	0.244198	0.0318182
1.28001	0.246845	0.0321264
1.29948	0.249514	0.03242
1.31923	0.252205	0.0326978
1.33929	0.254921	0.0329609
1.35966	0.257661	0.0332087
1.38033	0.260425	0.0334424
1.40132	0.263215	0.0336623
1.42263	0.266031	0.0338688
1.44426	0.268875	0.0340633
1.46622	0.271689	0.0343043
1.48852	0.274499	0.0345703
1.51115	0.277364	0.034803
1.53413	0.280295	0.0349938
1.55746	0.283303	0.0351355
1.58114	0.286398	0.0352206
1.60518	0.289589	0.0352414
1.62959	0.292752	0.0353238
1.65437	0.29589	0.0354666
1.67952	0.299064	0.0356096
1.70506	0.302272	0.0357534
1.73099	0.305513	0.035898
1.75731	0.308786	0.0360447
1.78403	0.311996	0.0362864
1.81116	0.31516	0.0366001
1.8387	0.318351	0.0369124
1.86665	0.321567	0.0372214
1.89504	0.324807	0.037526
1.92385	0.328069	0.0378242
1.95311	0.331349	0.038114
1.9828	0.334647	0.0383945
2.01295	0.337959	0.0386633
2.04356	0.341284	0.0389206
2.07464	0.34462	0.0391634
2.10618	0.347965	0.0393908
2.13821	0.351316	0.0396016
2.17072	0.354673	0.0397942
2.20373	0.35803	0.0399667
2.23724	0.36139	0.0401184
2.27126	0.364749	0.0402472
2.30579	0.368105	0.0403528
2.34085	0.371458	0.0404317
2.37645	0.374804	0.0404837
2.41258	0.37839	0.0406613
2.44927	0.381974	0.0408365
2.48651	0.385558	0.0410129
2.52432	0.389134	0.0411823
2.5627	0.392711	0.0413539
2.60167	0.396277	0.0415151
2.64123	0.399844	0.0416792
2.68139	0.403398	0.0418309
2.72216	0.406952	0.0419858
2.76355	0.410493	0.0421282
2.80558	0.414034	0.0422735
2.84824	0.417565	0.0424082
2.89155	0.421095	0.0425451
2.93551	0.424619	0.0426749
2.98015	0.428142	0.0428058
3.02546	0.431663	0.0429343
3.07147	0.43429	0.0426921
3.11817	0.436808	0.0423747
3.16559	0.439223	0.0419901
3.21372	0.441543	0.0415429
3.26259	0.443773	0.041041
3.3122	0.445921	0.0404912
3.36256	0.447989	0.0398983
3.41369	0.449934	0.0393204
3.4656	0.451595	0.0389276
3.51829	0.453183	0.0385142
3.57179	0.454705	0.038085
3.6261	0.456162	0.0376435
3.68124	0.457559	0.0371924
3.73721	0.458898	0.0367328
3.79404	0.460182	0.0362683
3.85173	0.461415	0.0358003
3.9103	0.462599	0.0353315
3.96976	0.463737	0.0348619
4.03012	0.464831	0.0343938
4.0914	0.465884	0.0339295
4.15361	0.466897	0.0334699
4.21677	0.467873	0.0330154
4.28089	0.468814	0.0325668
4.34598	0.46983	0.0322343
4.41207	0.470875	0.0319698
4.47915	0.471873	0.0316972
4.54726	0.472827	0.0314177
4.61641	0.473738	0.0311324
4.6866	0.474608	0.0308411
4.75786	0.475439	0.0305455
4.83021	0.476232	0.0302462
4.90366	0.476991	0.0299435
4.97822	0.477715	0.0296387
5.05392	0.478236	0.0294501
5.13076	0.478755	0.0292635
5.20878	0.47927	0.0290812
5.28798	0.479779	0.0289051
5.36839	0.480282	0.0287373
5.45002	0.480775	0.0285794
5.53289	0.481258	0.0284334
5.61702	0.481728	0.0283004
5.70243	0.482186	0.0281826
5.78914	0.482627	0.02808
5.87717	0.483054	0.0279955
5.96653	0.483463	0.0279278
6.05726	0.483854	0.0278804
6.14936	0.484226	0.027851
6.24287	0.484578	0.0278438
6.33779	0.48491	0.0278551
6.43416	0.485222	0.0278904
6.532	0.485512	0.0279446
6.63132	0.48578	0.0280246
6.73215	0.486028	0.0281239
6.83452	0.486251	0.0282508
6.93844	0.486455	0.0283973
7.04395	0.486634	0.0285735
7.15105	0.486793	0.0287697
7.25979	0.486927	0.0289972
7.37018	0.487043	0.0292452
7.48225	0.487132	0.0295258
7.59602	0.487204	0.0298268
7.71152	0.487251	0.0301608
7.82878	0.487282	0.0305147
7.94782	0.487288	0.0309004
8.06867	0.487282	0.0313046
8.19136	0.487253	0.0317375
8.31591	0.487213	0.0321865
8.44236	0.487154	0.0326594
8.57073	0.487088	0.0331448
8.70106	0.487008	0.0336473
8.83336	0.486923	0.0341577
8.96768	0.486832	0.034677
9.10404	0.486739	0.0351991
9.24247	0.486208	0.0361726
9.38301	0.485654	0.0371563
9.52568	0.485079	0.0381497
9.67052	0.484483	0.0391521
9.81757	0.483867	0.0401623
9.96685	0.483233	0.0411802
10.1184	0.482581	0.0422046
10.2723	0.481912	0.0432354
10.4285	0.481227	0.0442725
10.587	0.480526	0.045315
10.748	0.47981	0.0463629
10.9114	0.47908	0.0474158
11.0774	0.478336	0.0484731
11.2458	0.477577	0.049535
11.4168	0.476806	0.0506015
11.5904	0.476021	0.0516729
11.7666	0.475223	0.0527493
11.9455	0.474413	0.0538296
12.1272	0.47359	0.0549156
12.3116	0.472754	0.0560066
12.4988	0.471905	0.0571029
12.6888	0.471043	0.0582048
12.8818	0.470168	0.0593133
13.0777	0.46928	0.0604283
13.2765	0.468378	0.0615505
13.4784	0.467462	0.0626802
13.6833	0.466457	0.0639564
13.8914	0.46545	0.0652341
14.1026	0.464445	0.0665182
14.3171	0.463438	0.0678072
14.5348	0.462433	0.0691086
14.7558	0.461425	0.070418
14.9801	0.460421	0.0717452
15.2079	0.459412	0.0730831
15.4392	0.458408	0.0744434
15.6739	0.457398	0.0758166
15.9123	0.456395	0.0772159
16.1542	0.455385	0.0786294
16.3999	0.454382	0.0800713
16.6492	0.453372	0.0815283
16.9024	0.452369	0.0830142
17.1594	0.45136	0.0845154
17.4203	0.450358	0.0860445
17.6852	0.44935	0.087588
17.9541	0.448348	0.089157
18.2271	0.447341	0.0907387
18.5043	0.446339	0.0923419
18.7856	0.445333	0.0939554
19.0713	0.444332	0.0955852
19.3613	0.443327	0.0972223
19.6557	0.442325	0.0988695
19.9546	0.441321	0.100521
20.258	0.440318	0.102175
20.566	0.439221	0.104039
20.8787	0.438105	0.105917
21.1962	0.436967	0.107809
21.5185	0.435812	0.109713
21.8457	0.434636	0.111627
22.1779	0.43344	0.113553
22.5151	0.432225	0.115487
22.8575	0.43099	0.117428
23.205	0.429735	0.119378
23.5579	0.428462	0.121333
23.9161	0.427169	0.123293
24.2797	0.425857	0.125258
24.6489	0.424526	0.127226
25.0237	0.423177	0.129195
25.4042	0.421809	0.131165
25.7905	0.420423	0.133135
26.1827	0.419017	0.135105
26.5808	0.417595	0.137073
26.985	0.413952	0.141237
27.3953	0.41	0.145692
27.8119	0.405991	0.150179
28.2348	0.401932	0.154694
28.6641	0.397828	0.159227
29.0999	0.393687	0.163774
29.5424	0.389515	0.168327
