This is the maximal cover of three p-p methods.
pt	y	ey
0.0158489	0.0311661	0.113741
0.0160899	0.03107	0.11191
0.0163346	0.0309693	0.110074
0.016583	0.030864	0.108235
0.0168351	0.0307542	0.106393
0.0170911	0.0306401	0.104548
0.017351	0.0305218	0.102702
0.0176148	0.0303992	0.100855
0.0178827	0.0302726	0.0990074
0.0181546	0.0301421	0.0971603
0.0184306	0.0300077	0.0953142
0.0187109	0.0298696	0.0934696
0.0189954	0.0297279	0.0916274
0.0192842	0.0295828	0.0897881
0.0195774	0.0294343	0.0879524
0.0198751	0.0292825	0.086121
0.0201773	0.0291277	0.0842945
0.0204842	0.0289699	0.0824735
0.0207956	0.0288093	0.0806588
0.0211118	0.028646	0.0788509
0.0214329	0.0284801	0.0770506
0.0217588	0.0283119	0.0752583
0.0220896	0.0281413	0.0734749
0.0224255	0.0279686	0.0717008
0.0227665	0.0277938	0.0699368
0.0231127	0.0276173	0.0681834
0.0234641	0.027439	0.0664413
0.0238209	0.0272591	0.0647109
0.0241831	0.0270777	0.0629931
0.0245508	0.0268951	0.0612882
0.0249241	0.0267113	0.0595969
0.0253031	0.0265265	0.0579197
0.0256879	0.0263408	0.0562572
0.0260785	0.0261544	0.0546099
0.026475	0.0259674	0.0529784
0.0268776	0.0257799	0.051363
0.0272863	0.0255921	0.0497644
0.0277012	0.0254041	0.0481829
0.0281224	0.025216	0.0466192
0.02855	0.025028	0.0450735
0.0289841	0.0248402	0.0435463
0.0294248	0.0246528	0.0420381
0.0298723	0.0244658	0.0405493
0.0303265	0.0242795	0.0390801
0.0307876	0.0240938	0.0376312
0.0312558	0.0239091	0.0362027
0.031731	0.0237253	0.034795
0.0322135	0.0235426	0.0334086
0.0327033	0.0233612	0.0320437
0.0332006	0.0231811	0.0307008
0.0337054	0.0230025	0.0293801
0.034218	0.0228255	0.0280821
0.0347383	0.0226503	0.0268071
0.0352665	0.0224768	0.0255556
0.0358027	0.0223054	0.024328
0.0363471	0.022136	0.0231248
0.0368998	0.0219689	0.0219466
0.0374609	0.021804	0.0207939
0.0380305	0.0216416	0.0196674
0.0386088	0.0214818	0.0185681
0.0391958	0.0213246	0.0174968
0.0397918	0.0211702	0.0164546
0.0403969	0.0210187	0.0154429
0.0410112	0.0208701	0.0144633
0.0416348	0.0207247	0.0135177
0.0422678	0.0203957	0.0127953
0.0429105	0.0199417	0.01224
0.043563	0.0195117	0.0117068
0.0442254	0.0191075	0.0111977
0.0448979	0.0187317	0.0107151
0.0455806	0.0183873	0.0102619
0.0462737	0.0180776	0.00984162
0.0469773	0.0178065	0.00945776
0.0476916	0.0175777	0.00911438
0.0484168	0.0173953	0.00881526
0.049153	0.0172622	0.00856338
0.0499004	0.0171802	0.00836048
0.0506592	0.0171494	0.00820653
0.0514295	0.0171673	0.00809916
0.0522115	0.0172299	0.00803422
0.0530054	0.0173316	0.00800612
0.0538114	0.0174662	0.00800856
0.0546296	0.0176276	0.00803541
0.0554603	0.01781	0.00808086
0.0563036	0.0180085	0.00813989
0.0571597	0.0182187	0.00820829
0.0580289	0.0184374	0.00828256
0.0589112	0.0184653	0.00855639
0.059807	0.0184222	0.00890515
0.0607164	0.0183842	0.00924933
0.0616396	0.0183514	0.00958607
0.0625769	0.0183237	0.00991312
0.0635284	0.0183012	0.0102287
0.0644944	0.0182838	0.0105315
0.0654751	0.0182717	0.0108204
0.0664707	0.0182648	0.0110946
0.0674814	0.0182631	0.0113537
0.0685075	0.0182667	0.0115973
0.0695492	0.0182755	0.0118251
0.0706067	0.0182896	0.012037
0.0716803	0.018309	0.0122331
0.0727703	0.0183336	0.0124134
0.0738768	0.0183636	0.0125779
0.0750001	0.0183988	0.012727
0.0761405	0.0184393	0.0128608
0.0772983	0.0184851	0.0129795
0.0784737	0.0185362	0.0130834
0.0796669	0.0185926	0.0131726
0.0808783	0.0186544	0.0132476
0.0821081	0.0187216	0.0133083
0.0833566	0.0187941	0.0133552
0.0846241	0.018872	0.0133884
0.0859108	0.0189554	0.0134081
0.0872172	0.0190443	0.0134144
0.0885434	0.0191387	0.0134075
0.0898897	0.0192387	0.0133875
0.0912565	0.0193443	0.0133546
0.0926441	0.0194557	0.0133089
0.0940529	0.0195728	0.0132505
0.095483	0.0196959	0.0131794
0.0969349	0.0198249	0.0130959
0.0984088	0.01996	0.0130001
0.0999052	0.0201014	0.0128921
0.101424	0.020249	0.012772
0.102967	0.0204032	0.0126402
0.104532	0.020564	0.0124968
0.106122	0.0207316	0.0123421
0.107735	0.0209061	0.0121765
0.109373	0.0210878	0.0120002
0.111037	0.0212768	0.0118138
0.112725	0.0214733	0.0116177
0.114439	0.0216776	0.0114124
0.116179	0.0218898	0.0111985
0.117946	0.0221103	0.0109766
0.119739	0.0223391	0.0107473
0.12156	0.0225767	0.0105114
0.123408	0.0228231	0.0102697
0.125285	0.0230788	0.0100229
0.12719	0.0233439	0.00977184
0.129124	0.0236187	0.00951737
0.131087	0.0239035	0.00926037
0.13308	0.0241986	0.00900172
0.135104	0.0245042	0.00874235
0.137158	0.0248207	0.00848315
0.139244	0.0251482	0.00822505
0.141361	0.0254872	0.00796897
0.143511	0.0258378	0.00771583
0.145693	0.0262004	0.00746655
0.147908	0.0266153	0.00726216
0.150157	0.0271287	0.00714937
0.15244	0.0276495	0.00703783
0.154758	0.0281776	0.00692801
0.157112	0.0287127	0.00682029
0.1595	0.0292546	0.00671503
0.161926	0.029803	0.00661273
0.164388	0.0303577	0.00651361
0.166888	0.0309187	0.00641824
0.169425	0.0314856	0.00632691
0.172001	0.0320582	0.00623987
0.174617	0.0326365	0.00615755
0.177272	0.0332203	0.00608018
0.179967	0.0338097	0.00600789
0.182704	0.0344046	0.00594092
0.185482	0.0350053	0.0058792
0.188302	0.0356118	0.00582273
0.191166	0.0362246	0.00577141
0.194072	0.0368441	0.0057249
0.197023	0.0374706	0.00568294
0.200019	0.0381049	0.00564499
0.203061	0.0387475	0.00561069
0.206148	0.0393992	0.00557938
0.209283	0.0400608	0.00555044
0.212465	0.0407329	0.00552332
0.215696	0.0414165	0.00549733
0.218976	0.0421122	0.0054719
0.222305	0.0428208	0.00544635
0.225686	0.0435429	0.00542019
0.229117	0.0442794	0.00539279
0.232601	0.0450307	0.00536383
0.236138	0.0457974	0.00533275
0.239729	0.0465799	0.00529912
0.243374	0.0473789	0.00526276
0.247075	0.0481946	0.00522333
0.250831	0.0490274	0.00518049
0.254645	0.0498977	0.00515439
0.258518	0.0508431	0.00518212
0.262448	0.0518047	0.0052045
0.266439	0.0527824	0.00522125
0.27049	0.0537761	0.00523215
0.274603	0.0547857	0.00523705
0.278779	0.0558111	0.00523585
0.283018	0.0568522	0.0052285
0.287321	0.0579089	0.005215
0.29169	0.0589809	0.00519541
0.296126	0.0600682	0.00516981
0.300628	0.0611706	0.00513835
0.3052	0.062288	0.00510118
0.30984	0.0634201	0.00505851
0.314552	0.0645667	0.0050106
0.319335	0.0657277	0.00495773
0.32419	0.066903	0.00490021
0.32912	0.0680921	0.00483841
0.334124	0.069295	0.00477274
0.339205	0.0705114	0.00470361
0.344363	0.0717411	0.00463152
0.349599	0.0729839	0.00455696
0.354915	0.0741855	0.00453441
0.360311	0.0753657	0.00454449
0.36579	0.0765606	0.00455141
0.371352	0.0777705	0.00455528
0.376999	0.0789955	0.00455637
0.382731	0.0802359	0.0045547
0.388551	0.0814919	0.00455047
0.394459	0.0827636	0.00454397
0.400457	0.0840513	0.00453518
0.406546	0.0853551	0.00452437
0.412728	0.086675	0.00451166
0.419004	0.0880113	0.00449716
0.425375	0.0893639	0.00448088
0.431843	0.0907326	0.00446296
0.43841	0.0921177	0.0044433
0.445076	0.0935187	0.00442198
0.451843	0.0949357	0.00439891
0.458714	0.0963684	0.00437394
0.465689	0.0978165	0.00434703
0.47277	0.0992797	0.00431796
0.479959	0.100758	0.00428648
0.487257	0.10225	0.00425283
0.494666	0.103756	0.0042163
0.502188	0.105276	0.00417645
0.509824	0.106809	0.00413459
0.517576	0.108355	0.00408851
0.525446	0.109912	0.00403952
0.533436	0.111481	0.00398696
0.541547	0.113062	0.00393118
0.549781	0.114654	0.00387153
0.558141	0.116257	0.00380846
0.566628	0.11787	0.00374187
0.575244	0.119492	0.00367174
0.583991	0.121124	0.00359862
0.592871	0.122766	0.00352203
0.601886	0.124418	0.00344261
0.611038	0.126078	0.00336049
0.620329	0.127747	0.0032769
0.629761	0.129425	0.00319158
0.639337	0.131056	0.00316182
0.649059	0.132694	0.00313309
0.658928	0.134343	0.00310345
0.668947	0.136003	0.00307368
0.679119	0.137674	0.0030447
0.689446	0.139357	0.00301761
0.699929	0.141093	0.00303464
0.710572	0.142912	0.00312794
0.721377	0.144744	0.00322718
0.732345	0.146589	0.00333369
0.743481	0.148446	0.0034478
0.754786	0.150314	0.00357033
0.766263	0.152192	0.00370103
0.777915	0.15408	0.00384056
0.789743	0.155979	0.00398994
0.801752	0.157886	0.00414854
0.813943	0.159802	0.00431609
0.826319	0.161728	0.00449311
0.838884	0.163665	0.00467848
0.85164	0.16561	0.00487194
0.86459	0.167567	0.0050731
0.877736	0.169534	0.00528096
0.891083	0.171513	0.005495
0.904632	0.173506	0.00571412
0.918388	0.175512	0.00593768
0.932352	0.177531	0.00616406
0.946529	0.179566	0.00639363
0.960922	0.181617	0.00662427
0.975533	0.183685	0.00685634
0.990367	0.18577	0.00708775
1.00543	0.187873	0.00731942
1.02071	0.189995	0.00754878
1.03623	0.192137	0.00777677
1.05199	0.1943	0.00800136
1.06799	0.196485	0.00822305
1.08423	0.19869	0.00844082
1.10071	0.200919	0.00865319
1.11745	0.203171	0.00886119
1.13444	0.205447	0.00906337
1.15169	0.207748	0.00926027
1.1692	0.210074	0.00944947
1.18698	0.212458	0.00966539
1.20503	0.21494	0.00994529
1.22335	0.217459	0.0102277
1.24196	0.220016	0.010512
1.26084	0.22261	0.0107988
1.28001	0.225244	0.011088
1.29948	0.227918	0.0113795
1.31923	0.230631	0.0116735
1.33929	0.233386	0.0119698
1.35966	0.236182	0.0122679
1.38033	0.239018	0.0125679
1.40132	0.241896	0.0128697
1.42263	0.244816	0.0131738
1.44426	0.247776	0.013478
1.46622	0.250777	0.0137833
1.48852	0.253818	0.0140886
1.51115	0.256898	0.0143937
1.53413	0.260017	0.0146976
1.55746	0.263173	0.0150009
1.58114	0.266365	0.0153013
1.60518	0.269592	0.015599
1.62959	0.272852	0.0158931
1.65437	0.276143	0.0161829
1.67952	0.279464	0.0164678
1.70506	0.282812	0.0167467
1.73099	0.286185	0.0170181
1.75731	0.289581	0.0172821
1.78403	0.292904	0.0176324
1.81116	0.296172	0.0180459
1.8387	0.299457	0.0184475
1.86665	0.302758	0.0188361
1.89504	0.306071	0.0192104
1.92385	0.309397	0.0195685
1.95311	0.312732	0.019909
1.9828	0.316075	0.0202305
2.01295	0.319424	0.0205321
2.04356	0.322777	0.020813
2.07464	0.326133	0.0210708
2.10618	0.329489	0.0213058
2.13821	0.332843	0.0215161
2.17072	0.336196	0.0217009
2.20373	0.339544	0.0218596
2.23724	0.342887	0.0219905
2.27126	0.346223	0.0220937
2.30579	0.349552	0.0221678
2.34085	0.352873	0.0222119
2.37645	0.356185	0.0222255
2.41258	0.359488	0.0222069
2.44927	0.362782	0.0221553
2.48651	0.366067	0.0220701
2.52432	0.369225	0.0219299
2.5627	0.372382	0.0217945
2.60167	0.375534	0.0216598
2.64123	0.378684	0.0215388
2.68139	0.381824	0.0214191
2.72216	0.38496	0.0213216
2.76355	0.388082	0.0212258
2.80558	0.391198	0.021159
2.84824	0.394298	0.0210944
2.89155	0.397391	0.0210637
2.93551	0.400465	0.0210354
2.98015	0.403532	0.0210436
3.02546	0.406579	0.0210544
3.07147	0.409619	0.0211015
3.11817	0.41264	0.021151
3.16559	0.415654	0.0212339
3.21372	0.418652	0.021319
3.26259	0.421643	0.0214318
3.3122	0.424622	0.0215464
3.36256	0.427596	0.0216808
3.41369	0.430562	0.0218164
3.4656	0.433526	0.0219623
3.51829	0.436487	0.0221086
3.57179	0.438765	0.0224344
3.6261	0.440958	0.0227281
3.68124	0.443071	0.0229925
3.73721	0.44511	0.0232305
3.79404	0.447074	0.0234448
3.85173	0.448969	0.023638
3.9103	0.450797	0.0238112
3.96976	0.452561	0.0239673
4.03012	0.454264	0.0241079
4.0914	0.455909	0.0242343
4.15361	0.457498	0.0243489
4.21677	0.459031	0.024451
4.28089	0.460512	0.024542
4.34598	0.46194	0.0246206
4.41207	0.463316	0.0246864
4.47915	0.46464	0.0247384
4.54726	0.46591	0.0247747
4.61641	0.467129	0.0247958
4.6866	0.468295	0.0248001
4.75786	0.469586	0.0249633
4.83021	0.470883	0.0251673
4.90366	0.472132	0.0253547
4.97822	0.473333	0.0255258
5.05392	0.474487	0.0256815
5.13076	0.475596	0.025821
5.20878	0.476659	0.0259442
5.28798	0.477679	0.0260529
5.36839	0.478657	0.0261454
5.45002	0.479593	0.0262235
5.53289	0.480488	0.0262862
5.61702	0.481344	0.0263346
5.70243	0.482161	0.0263691
5.78914	0.482941	0.0263896
5.87717	0.483685	0.0263963
5.96653	0.484393	0.0263897
6.05726	0.48463	0.0265496
6.14936	0.484865	0.0267102
6.24287	0.485095	0.0268745
6.33779	0.485321	0.0270413
6.43416	0.485538	0.0272155
6.532	0.485747	0.0273941
6.63132	0.485943	0.0275844
6.73215	0.48613	0.0277815
6.83452	0.486298	0.027995
6.93844	0.486455	0.0282182
7.04395	0.486589	0.0284628
7.15105	0.486709	0.0287202
7.25979	0.486803	0.0290045
7.37018	0.486882	0.0293045
7.48225	0.48693	0.0296365
7.59602	0.486962	0.0299873
7.71152	0.48696	0.0303743
7.82878	0.48694	0.0307824
7.94782	0.486885	0.0312298
8.06867	0.486812	0.0316998
8.19136	0.486703	0.0322105
8.31591	0.486576	0.0327439
8.44236	0.486413	0.0333173
8.57073	0.486233	0.0339124
8.70106	0.486021	0.0345444
8.83336	0.485793	0.0351958
8.96768	0.485537	0.0358787
9.10404	0.485269	0.0365774
9.24247	0.48498	0.0373002
9.38301	0.484681	0.0380342
9.52568	0.484369	0.0387833
9.67052	0.484053	0.0395382
9.81757	0.483731	0.0402983
9.96685	0.483097	0.0413167
10.1184	0.482444	0.0423417
10.2723	0.481775	0.0433729
10.4285	0.481089	0.0444106
10.587	0.480387	0.0454537
10.748	0.479671	0.0465021
10.9114	0.47894	0.0475556
11.0774	0.478195	0.0486135
11.2458	0.477436	0.049676
11.4168	0.476664	0.0507432
11.5904	0.475879	0.0518151
11.7666	0.47508	0.0528922
11.9455	0.47427	0.0539731
12.1272	0.473446	0.0550598
12.3116	0.472609	0.0561514
12.4988	0.471759	0.0572484
12.6888	0.470897	0.058351
12.8818	0.470021	0.0594602
13.0777	0.469133	0.0605759
13.2765	0.46823	0.0616989
13.4784	0.467313	0.0628294
13.6833	0.466382	0.0639682
13.8914	0.465436	0.0651152
14.1026	0.464475	0.0662718
14.3171	0.463499	0.0674383
14.5348	0.462507	0.0686144
14.7558	0.461498	0.0698022
14.9801	0.460472	0.0710012
15.2079	0.459429	0.0722135
15.4392	0.458369	0.0734377
15.6739	0.45729	0.0746751
15.9123	0.456192	0.075927
16.1542	0.455076	0.0771935
16.3999	0.453941	0.0784743
16.6492	0.452785	0.0797709
16.9024	0.451609	0.0810833
17.1594	0.450414	0.0824117
17.4203	0.449198	0.0837566
17.6852	0.447961	0.0851182
17.9541	0.446705	0.0864966
18.2271	0.445428	0.0878919
18.5043	0.444129	0.0893045
18.7856	0.442811	0.0907342
19.0713	0.441472	0.092181
19.3613	0.440114	0.0936444
19.6557	0.438735	0.0951247
19.9546	0.437337	0.0966212
20.258	0.43592	0.098134
20.566	0.434485	0.0996629
20.8787	0.433031	0.101207
21.1962	0.431558	0.102767
21.5185	0.430069	0.104341
21.8457	0.428564	0.105929
22.1779	0.427042	0.107531
22.5151	0.425503	0.109146
22.8575	0.423951	0.110774
23.205	0.422384	0.112415
23.5579	0.420802	0.114067
23.9161	0.419208	0.11573
24.2797	0.417602	0.117404
24.6489	0.415983	0.119088
25.0237	0.414352	0.120781
25.4042	0.412711	0.122483
25.7905	0.41106	0.124193
26.1827	0.409399	0.125912
26.5808	0.40773	0.127638
26.985	0.406051	0.129371
27.3953	0.404365	0.13111
27.8119	0.402671	0.132854
28.2348	0.40097	0.134605
28.6641	0.399263	0.13636
29.0999	0.397551	0.138119
29.5424	0.395832	0.139883
